45 34 26 34 97 77 34 47 49 67 14 22 49 67 47 34 49 39 77 69 53 89 26 10
97 10 49 10 77 45 53 31 10 14 10 47 22. 17 90 56 14 34 77 67 49, 49 67 75 49 10 53
14 53 49 26 90 47 10, 77 34 39 47 56 34 31 56 26 67 52 34 13 10 84 22 53
77 34 47 49 67 14 22 49 67 28 34 84 26 67 31, 67 49 10 97 90 31 10 14 53 47 22 31
28 70 89 49 53 93 14 10 56 10 93 56 47 10, 53 45 34 84 90 26 34 93 69 58 37
28 67 31 10 70 47 84 10 14 22 77 10 70 53 89 14 10, 31 90 47 39 77 39 31 75
53 47 22, 47 14 67 31 77 67 13 10 14 67, 53 97 34 89 67 28 67 26 69
90, 31 56 26 90 47 49 53 31 10 14 10 13 34 26 84 31 34 53 97 26 70 69 77 39 58
69 67 97 39 28 67 26 24 53 70, 53 14 53 56 26 67 49 10 53 77 10. 97 10 84 34 28
39 52 53 84 67 89 67 97 31 34 26 22 49 10 52 26 67 47 10 14 53 31 56 34 45 22
69 14 70 47 13 53 89 10 77 53 70 28 39 47 67 26 10, 53 53 89 26 10 77 10 45 53
77 10 14 10 47 22 47 77 67 31 10.